Venezuela            12 1  1068 1067 1029 1082
Bolivia              3  1  1062 1023 1067 1035
Peru                 13 1  1002 1022 1058 1069
Argentina            23 1  1093 1056 1011 1042
Uruguay              25 1  1073 1021 1019 1084
Paraguay             27 1  1098 1024 1015 1070
Colombia             8  1  1026 1091 1080 1056
Espana               22 1  1062 1070 1096 1081
Paris                31 1  1025 1084 1027 1036
Italia               19 1  1046 1029 1013 1057
Portugal             19 1  1095 1082 1045 1014
Mexico               27 1  1034 1064 1043 1050
Panama               8  1  1008 1076 1078 1088
China                1  1  1003 1051 1054 1099
Japon                11 1  1060 1076 1068 1039
Rusia                19 1  1026 1086 1094 1039
Canada               20 1  1070 1034 1078 1067
Brasil               16 1  1097 1002 1017 1092
Chile                27 1  1056 1001 1080 1086
Inglaterra           14 1  1065 1089 1044 1019
